0 0 0
0 0 0
0.006373144 -0.02745578 -0.04134421
0.006373144 -0.02745578 -0.04134421
0.006373144 -0.02745578 -0.04134421
0.006373144 -0.02745578 -0.04134421
0.006373144 -0.02745578 -0.04134421
0.006373144 -0.02745578 -0.04134421
0.006373144 -0.02745578 -0.04134421
0.006373144 -0.02745578 -0.04134421
0.006373144 -0.02745578 -0.04134421
0.006373144 -0.02745578 -0.04134421
0.006373144 -0.02745578 -0.04134421
0.006373144 -0.02745578 -0.04134421
0.006373144 -0.02745578 -0.04134421
0.006373144 -0.02745578 -0.04134421
0.006373144 -0.02745578 -0.04134421
0.006373144 -0.02745578 -0.04134421
-0.03656055 -0.03780252 -0.0563219
-0.03656055 -0.03780252 -0.0563219
-0.03656055 -0.03780252 -0.0563219
-0.04166396 -0.03488901 -0.06258448
-0.04219944 -0.0346753 -0.06327645
-0.04631785 -0.03330426 -0.06998891
-0.04913617 -0.0324136 -0.07517032
-0.04913617 -0.0324136 -0.07517032
-0.04913617 -0.0324136 -0.07517032
-0.04913617 -0.0324136 -0.07517032
-0.04913617 -0.0324136 -0.07517032
-0.04913617 -0.0324136 -0.07517032
-0.04913617 -0.0324136 -0.07517032
-0.04913617 -0.0324136 -0.07517032
-0.04913617 -0.0324136 -0.07517032
-0.04913617 -0.0324136 -0.07517032
-0.04913617 -0.0324136 -0.07517032
-0.04913617 -0.0324136 -0.07517032
-0.04913617 -0.0324136 -0.07517032
-0.04849564 -0.02405926 -0.06489907
-0.04849564 -0.02405926 -0.06489907
-0.04849564 -0.02405926 -0.06489907
-0.04849564 -0.02405926 -0.06489907
-0.04849564 -0.02405926 -0.06489907
-0.02314449 -0.0236916 -0.04671425
-0.01439685 -0.02315848 -0.0523219
-0.01439685 -0.02315848 -0.0523219
-0.01439685 -0.02315848 -0.0523219
-0.01439685 -0.02315848 -0.0523219
-0.01439685 -0.02315848 -0.0523219
-0.01439685 -0.02315848 -0.0523219
-0.01439685 -0.02315848 -0.0523219
-0.01439685 -0.02315848 -0.0523219
-0.01439685 -0.02315848 -0.0523219
-0.01439685 -0.02315848 -0.0523219
-0.01439685 -0.02315848 -0.0523219
0.05373081 -0.0314187 -0.06926508
0.05373081 -0.0314187 -0.06926508
0.07154119 -0.03752305 -0.05822036
0.0796819 -0.04080526 -0.05415853
0.08590174 -0.0437081 -0.05086502
0.09077979 -0.04618497 -0.04875482
0.09544878 -0.04875711 -0.04721063
0.1001048 -0.05104979 -0.04520313
0.1047209 -0.05294053 -0.04255634
0.1147644 -0.0543451 -0.03738112
0.1147644 -0.0543451 -0.03738112
0.1147644 -0.0543451 -0.03738112
0.1147644 -0.0543451 -0.03738112
0.1147644 -0.0543451 -0.03738112
0.1147644 -0.0543451 -0.03738112
0.1147644 -0.0543451 -0.03738112
0.1147644 -0.0543451 -0.03738112
0.1147644 -0.0543451 -0.03738112
0.1147644 -0.0543451 -0.03738112
0.1147644 -0.0543451 -0.03738112
0.1671107 -0.01258983 -0.05637116
0.1671107 -0.01258983 -0.05637116
0.1752857 -0.01265845 -0.05724479
0.1787567 -0.01392311 -0.05886491
0.1825766 -0.01603995 -0.06178146
0.1840517 -0.01685901 -0.0629005
0.1890856 -0.01996098 -0.06535188
0.1947381 -0.02336645 -0.06793436
0.2013455 -0.02721936 -0.07067323
0.2100666 -0.03309219 -0.07320237
0.2100666 -0.03309219 -0.07320237
0.2100666 -0.03309219 -0.07320237
0.2100666 -0.03309219 -0.07320237
0.2100666 -0.03309219 -0.07320237
0.2100666 -0.03309219 -0.07320237
0.2100666 -0.03309219 -0.07320237
0.2100666 -0.03309219 -0.07320237
0.2100666 -0.03309219 -0.07320237
0.2100666 -0.03309219 -0.07320237
0.2100666 -0.03309219 -0.07320237
0.2100666 -0.03309219 -0.07320237
0.2100666 -0.03309219 -0.07320237
0.2100666 -0.03309219 -0.07320237
0.2100666 -0.03309219 -0.07320237
0.2369964 -0.03826965 -0.08603095
0.2386156 -0.0389735 -0.08424
0.2390785 -0.03958415 -0.08319362
0.2390785 -0.03958415 -0.08319362
0.2390785 -0.03958415 -0.08319362
0.2390785 -0.03958415 -0.08319362
0.2390785 -0.03958415 -0.08319362
0.2390785 -0.03958415 -0.08319362
0.2390785 -0.03958415 -0.08319362
0.2390785 -0.03958415 -0.08319362
0.2390785 -0.03958415 -0.08319362
0.2390785 -0.03958415 -0.08319362
0.2390785 -0.03958415 -0.08319362
0.2390785 -0.03958415 -0.08319362
0.2390785 -0.03958415 -0.08319362
0.2390785 -0.03958415 -0.08319362
0.1993325 -0.02974076 -0.04786833
0.1993325 -0.02974076 -0.04786833
0.1849997 -0.02467601 -0.04651571
0.1779102 -0.02263718 -0.04621566
0.1725789 -0.02144535 -0.04706411
0.1660413 -0.02030279 -0.04790162
0.1607753 -0.01976442 -0.04833329
0.1567971 -0.01949416 -0.04843374
0.1445617 -0.02011939 -0.04635683
0.1445617 -0.02011939 -0.04635683
0.1324665 -0.02165309 -0.04228946
0.1324665 -0.02165309 -0.04228946
0.1324665 -0.02165309 -0.04228946
0.1154934 -0.02362397 -0.03267612
0.1104661 -0.02403012 -0.03057959
0.1077541 -0.02420473 -0.02952293
0.1039389 -0.02427884 -0.0283227
0.0996629 -0.02397156 -0.02703992
0.09905226 -0.02389276 -0.02686232
0.09905226 -0.02389276 -0.02686232
0.09905226 -0.02389276 -0.02686232
0.09905226 -0.02389276 -0.02686232
0.09905226 -0.02389276 -0.02686232
0.09905226 -0.02389276 -0.02686232
0.09905226 -0.02389276 -0.02686232
0.09905226 -0.02389276 -0.02686232
0.09905226 -0.02389276 -0.02686232
0.09905226 -0.02389276 -0.02686232
0.09905226 -0.02389276 -0.02686232
0.09262154 -0.03048688 -0.04380746
0.09330293 -0.03643735 -0.04475094
0.09349036 -0.03916441 -0.04399959
0.09353005 -0.04646597 -0.03867907
0.09330816 -0.05169728 -0.03411325
0.09278759 -0.0559434 -0.03087169
0.09183371 -0.05785177 -0.02888886
0.08774693 -0.05899049 -0.02513585
0.08608466 -0.05901128 -0.02407501
0.07613582 -0.05549036 -0.02241703
0.07132124 -0.05271243 -0.02464442
0.07132124 -0.05271243 -0.02464442
0.07132124 -0.05271243 -0.02464442
0.07132124 -0.05271243 -0.02464442
0.07132124 -0.05271243 -0.02464442
0.07132124 -0.05271243 -0.02464442
0.07132124 -0.05271243 -0.02464442
0.02124465 -0.02169163 -0.06201234
0.01226903 -0.01810184 -0.06766555
0.006238739 -0.01672453 -0.07159708
0.0005269521 -0.01711164 -0.07618392
-0.004650278 -0.01844882 -0.07836318
-0.01151884 -0.0211693 -0.07935599
-0.01865698 -0.0258068 -0.08046304
-0.02395734 -0.03021546 -0.08098048
-0.02473039 -0.03110252 -0.08089513
-0.0308261 -0.03871581 -0.08057828
-0.0330026 -0.04238147 -0.08101041
-0.0330026 -0.04238147 -0.08101041
-0.0330026 -0.04238147 -0.08101041
-0.0330026 -0.04238147 -0.08101041
-0.0330026 -0.04238147 -0.08101041
-0.0330026 -0.04238147 -0.08101041
-0.0330026 -0.04238147 -0.08101041
-0.04428304 -0.05091323 -0.08252516
-0.04507259 -0.04686942 -0.08200506
-0.04552969 -0.04487201 -0.0828345
-0.04602981 -0.04277389 -0.08429476
-0.04647919 -0.04055307 -0.08630088
-0.04710256 -0.03596716 -0.09176932
-0.04717113 -0.03362466 -0.0951014
-0.04727956 -0.0304601 -0.09909452
-0.04727956 -0.0304601 -0.09909452
-0.0478729 -0.02400645 -0.1037375
-0.0478729 -0.02400645 -0.1037375
-0.04884958 -0.01657449 -0.1017191
-0.04898224 -0.0152944 -0.1009495
-0.05238292 -0.01110945 -0.08930566
-0.05717928 -0.00743885 -0.08084995
-0.06052287 -0.005918205 -0.07828144
-0.06052287 -0.005918205 -0.07828144
-0.06500264 -0.006722868 -0.08197542
-0.06500264 -0.006722868 -0.08197542
-0.06500264 -0.006722868 -0.08197542
-0.06500264 -0.006722868 -0.08197542
-0.06500264 -0.006722868 -0.08197542
-0.06500264 -0.006722868 -0.08197542
-0.06500264 -0.006722868 -0.08197542
-0.06500264 -0.006722868 -0.08197542
-0.06500264 -0.006722868 -0.08197542
-0.07180855 -0.03447025 -0.03681296
-0.07305854 -0.03726238 -0.02633033
-0.07344493 -0.03801941 -0.02239198
-0.07383895 -0.0383939 -0.01823179
-0.07424513 -0.03674468 -0.01364636
-0.0742936 -0.03372803 -0.0136274
-0.07431141 -0.03245983 -0.01371158
-0.07426629 -0.02762057 -0.01810947
-0.07358012 -0.02262852 -0.02402418
-0.07031918 -0.01468301 -0.03805161
-0.06979934 -0.01385731 -0.03986228
-0.06979934 -0.01385731 -0.03986228
-0.06979934 -0.01385731 -0.03986228
-0.06979934 -0.01385731 -0.03986228
-0.06979934 -0.01385731 -0.03986228
-0.06979934 -0.01385731 -0.03986228
-0.06979934 -0.01385731 -0.03986228
-0.06979934 -0.01385731 -0.03986228
-0.05140971 -0.02238754 -0.09145811
-0.05056989 -0.02945288 -0.09336656
-0.05035416 -0.03327816 -0.09425209
-0.05040739 -0.03703525 -0.09477078
-0.0505373 -0.03912202 -0.09492602
-0.05127751 -0.04363107 -0.09433563
-0.05127751 -0.04363107 -0.09433563
-0.05268475 -0.04855195 -0.09186021
-0.05268475 -0.04855195 -0.09186021
-0.05342938 -0.05243309 -0.08792448
-0.05342938 -0.05243309 -0.08792448
-0.05342938 -0.05243309 -0.08792448
-0.05342938 -0.05243309 -0.08792448
-0.05342938 -0.05243309 -0.08792448
-0.06470609 -0.04548254 -0.08646836
-0.07284263 -0.04175375 -0.08716486
-0.08579729 -0.03579669 -0.08716054
-0.09034897 -0.03487682 -0.08971792
-0.1005658 -0.03482576 -0.09589455
-0.1023821 -0.03577187 -0.0971996
-0.1072822 -0.04174271 -0.1007905
-0.108867 -0.0469503 -0.100659
-0.1090316 -0.05064353 -0.09796169
-0.1087691 -0.05978509 -0.08988288
-0.1087691 -0.05978509 -0.08988288
-0.1073899 -0.07021015 -0.07902813
-0.1073899 -0.07021015 -0.07902813
-0.1073899 -0.07021015 -0.07902813
-0.1073899 -0.07021015 -0.07902813
-0.1073899 -0.07021015 -0.07902813
-0.1073899 -0.07021015 -0.07902813
-0.0924837 -0.08971493 -0.06419075
-0.08752318 -0.08466085 -0.06483838
-0.08495954 -0.08155984 -0.06514285
-0.08013435 -0.07415308 -0.06561878
-0.07656012 -0.06637189 -0.06687604
-0.07503886 -0.06136447 -0.06807966
-0.07290089 -0.04979404 -0.07094549
-0.07214195 -0.04358009 -0.07340855
-0.07180531 -0.04090719 -0.07532646
-0.07105312 -0.03771592 -0.07850906
-0.07105312 -0.03771592 -0.07850906
-0.06945984 -0.04001451 -0.08474549
-0.06945984 -0.04001451 -0.08474549
-0.06945984 -0.04001451 -0.08474549
-0.06945984 -0.04001451 -0.08474549
-0.06945984 -0.04001451 -0.08474549
-0.06945984 -0.04001451 -0.08474549
-0.05911984 -0.06100608 -0.09007611
-0.05983712 -0.06221957 -0.08757933
-0.05980093 -0.06244774 -0.08582346
-0.05995684 -0.06227928 -0.08415507
-0.06055423 -0.06141277 -0.08290089
-0.06117493 -0.05952075 -0.08183438
-0.06143041 -0.05766465 -0.08165247
-0.06423812 -0.05368805 -0.08226892
-0.07016933 -0.04904421 -0.0841695
-0.07850406 -0.03960836 -0.0869871
-0.07850406 -0.03960836 -0.0869871
-0.07850406 -0.03960836 -0.0869871
-0.07850406 -0.03960836 -0.0869871
-0.07850406 -0.03960836 -0.0869871
-0.07850406 -0.03960836 -0.0869871
-0.07850406 -0.03960836 -0.0869871
-0.07850406 -0.03960836 -0.0869871
-0.07850406 -0.03960836 -0.0869871
-0.07850406 -0.03960836 -0.0869871
-0.07850406 -0.03960836 -0.0869871
-0.1171498 -0.04418847 -0.1083266
-0.1171498 -0.04418847 -0.1083266
-0.1168641 -0.04884232 -0.1049334
-0.1168641 -0.04884232 -0.1049334
-0.1168641 -0.04884232 -0.1049334
-0.1083639 -0.05177145 -0.09747401
-0.1049114 -0.05125345 -0.09571791
-0.09478204 -0.04824399 -0.09120389
-0.08796437 -0.04507742 -0.08854006
-0.08796437 -0.04507742 -0.08854006
-0.07504524 -0.03548374 -0.08417303
-0.07504524 -0.03548374 -0.08417303
-0.07504524 -0.03548374 -0.08417303
-0.07504524 -0.03548374 -0.08417303
-0.07504524 -0.03548374 -0.08417303
-0.07504524 -0.03548374 -0.08417303
-0.04137394 -0.01991902 -0.07133944
-0.03320972 -0.02318433 -0.07015087
-0.02767222 -0.02686116 -0.07068536
-0.02286097 -0.03137546 -0.07234873
-0.02089665 -0.03321856 -0.07302784
-0.01460264 -0.03734447 -0.07414271
-0.008601192 -0.04050731 -0.0734641
-0.002479956 -0.04277511 -0.07123421
0.002662646 -0.04356745 -0.0684816
0.006750795 -0.04345364 -0.06804311
0.00893046 -0.04302487 -0.06867535
0.00893046 -0.04302487 -0.06867535
0.00893046 -0.04302487 -0.06867535
0.00893046 -0.04302487 -0.06867535
0.00893046 -0.04302487 -0.06867535
0.02708058 -0.03032457 -0.09348625
0.0287936 -0.02930839 -0.09554903
0.03251734 -0.02707445 -0.09980511
0.03392022 -0.02601563 -0.1012888
0.0344655 -0.02560412 -0.1018654
0.03469294 -0.02513473 -0.1021007
0.03427945 -0.02513345 -0.1019138
0.03267971 -0.02580984 -0.1011737
0.03070679 -0.02689916 -0.1006035
0.03029313 -0.02712751 -0.1004839
0.02974284 -0.03001253 -0.09542618
0.02974284 -0.03001253 -0.09542618
0.02974284 -0.03001253 -0.09542618
0.02974284 -0.03001253 -0.09542618
0.02930929 -0.03608298 -0.103743
0.02982459 -0.03651705 -0.1057899
0.03170424 -0.03726438 -0.1177129
0.03170424 -0.03726438 -0.1177129
0.03450997 -0.03747724 -0.1400949
0.03552165 -0.03736928 -0.1498702
0.03612734 -0.03722699 -0.1566971
0.03632778 -0.03714898 -0.1596253
0.03633245 -0.0369174 -0.1646706
0.03499892 -0.03658981 -0.1677774
0.03448904 -0.03653364 -0.1673871
0.03448904 -0.03653364 -0.1673871
0.03413897 -0.03676851 -0.1624507
0.03453035 -0.03698302 -0.160953
0.03783674 -0.03918463 -0.1592606
0.03879977 -0.03984676 -0.1591307
0.04292255 -0.04352602 -0.1608443
0.04801684 -0.04834126 -0.164149
0.04801684 -0.04834126 -0.164149
0.05208875 -0.05247649 -0.168133
0.0558845 -0.05658599 -0.173388
0.0558845 -0.05658599 -0.173388
0.0558845 -0.05658599 -0.173388
0.0558845 -0.05658599 -0.173388
0.0558845 -0.05658599 -0.173388
0.0558845 -0.05658599 -0.173388
0.0558845 -0.05658599 -0.173388
0.0558845 -0.05658599 -0.173388
0.0558845 -0.05658599 -0.173388
0.0558845 -0.05658599 -0.173388
0.0558845 -0.05658599 -0.173388
0.0558845 -0.05658599 -0.173388
0.0558845 -0.05658599 -0.173388
0.05862044 -0.001880955 -0.2295719
0.05862044 -0.001880955 -0.2295719
0.04843791 0.009452277 -0.217537
0.0461423 0.009720518 -0.2124168
0.04303879 0.00513126 -0.2003955
0.03999688 -0.01013819 -0.1804319
0.03931976 -0.02792837 -0.1707651
0.03901956 -0.04229185 -0.1617444
0.0389724 -0.05318607 -0.154012
0.03811572 -0.07513966 -0.1413422
0.03722684 -0.0827322 -0.1387694
0.03626674 -0.08197889 -0.1412439
0.03586137 -0.0795796 -0.1436384
0.03571699 -0.07118403 -0.149382
0.03489346 -0.0450494 -0.1640567
0.03468948 -0.0282318 -0.174654
0.03468948 -0.0282318 -0.174654
0.04021683 -0.008088803 -0.1861987
0.04273088 -0.0001594564 -0.1854051
0.04273088 -0.0001594564 -0.1854051
0.04273088 -0.0001594564 -0.1854051
0.04273088 -0.0001594564 -0.1854051
0.04273088 -0.0001594564 -0.1854051
0.04273088 -0.0001594564 -0.1854051
0.04273088 -0.0001594564 -0.1854051
0.04273088 -0.0001594564 -0.1854051
0.04273088 -0.0001594564 -0.1854051
0.04273088 -0.0001594564 -0.1854051
0.0623368 0.02126223 -0.06552012
0.05481206 -0.01473348 -0.0558905
0.04767277 -0.03071129 -0.05112392
0.04684883 -0.03765842 -0.0479229
0.0463087 -0.04232569 -0.04292268
0.04567246 -0.04803256 -0.03166163
0.04636022 -0.05006364 -0.03116723
0.04866607 -0.05365038 -0.03194614
0.04866607 -0.05365038 -0.03194614
0.05327025 -0.05147609 -0.03700423
0.05415267 -0.04960755 -0.0392691
0.05415267 -0.04960755 -0.0392691
0.05415267 -0.04960755 -0.0392691
0.05415267 -0.04960755 -0.0392691
0.06107485 -0.03418903 -0.05797275
0.06301563 -0.03292083 -0.06010714
0.06771283 -0.03340456 -0.05751286
0.07113238 -0.03469576 -0.05406791
0.0781468 -0.03860465 -0.04844569
0.08267539 -0.04178714 -0.04353952
0.08588835 -0.04457397 -0.03903409
0.09166006 -0.05031591 -0.03222776
0.09706765 -0.05723255 -0.02789246
0.09756225 -0.05815505 -0.02758691
0.1005837 -0.06419536 -0.02525873
0.101386 -0.06811188 -0.02200468
0.101386 -0.06811188 -0.02200468
0.101386 -0.06811188 -0.02200468
0.101386 -0.06811188 -0.02200468
0.101386 -0.06811188 -0.02200468
0.101386 -0.06811188 -0.02200468
0.101386 -0.06811188 -0.02200468
0.08666392 -0.05079451 -0.03180817
0.07759655 -0.04337518 -0.04223017
0.07120883 -0.03983741 -0.05235442
0.06729519 -0.03812855 -0.05960623
0.06121772 -0.03603891 -0.06814083
0.05336225 -0.03420227 -0.07470736
0.04942124 -0.0335976 -0.07579847
0.04652278 -0.03315285 -0.07660093
0.04167507 -0.03360065 -0.07614011
0.03855942 -0.03481438 -0.07349977
0.03705909 -0.03597432 -0.07076958
0.03705909 -0.03597432 -0.07076958
0.03705909 -0.03597432 -0.07076958
0.03705909 -0.03597432 -0.07076958
0.03705909 -0.03597432 -0.07076958
0.03116578 -0.05604944 -0.04076559
0.03113497 -0.0562626 -0.04056373
0.03089357 -0.05713741 -0.03992376
0.03082789 -0.05654456 -0.04073319
0.03078135 -0.05599698 -0.0412924
0.03034657 -0.05086185 -0.04554318
0.02985211 -0.04753219 -0.04826452
0.02947055 -0.04573586 -0.04985951
0.02857835 -0.0433487 -0.05240454
0.02727292 -0.04173395 -0.05509868
0.02319073 -0.03961674 -0.06121505
0.02319073 -0.03961674 -0.06121505
0.02319073 -0.03961674 -0.06121505
0.02319073 -0.03961674 -0.06121505
0.02319073 -0.03961674 -0.06121505
0.02319073 -0.03961674 -0.06121505
0.02319073 -0.03961674 -0.06121505
0.02319073 -0.03961674 -0.06121505
0.02319073 -0.03961674 -0.06121505
0.02319073 -0.03961674 -0.06121505
0.006560709 -0.05718302 -0.04513898
0.006560709 -0.05718302 -0.04513898
0.004933172 -0.06536493 -0.03900417
0.004933172 -0.06536493 -0.03900417
0.004933172 -0.06536493 -0.03900417
0.004933172 -0.06536493 -0.03900417
0.004933172 -0.06536493 -0.03900417
0.004933172 -0.06536493 -0.03900417
0.004933172 -0.06536493 -0.03900417
0.004933172 -0.06536493 -0.03900417
0.004933172 -0.06536493 -0.03900417
0.004933172 -0.06536493 -0.03900417
0.02722632 -0.05593726 -0.04981345
0.02722632 -0.05593726 -0.04981345
0.03355649 -0.05076578 -0.04298498
0.03622487 -0.04878696 -0.04005402
0.03622487 -0.04878696 -0.04005402
0.03622487 -0.04878696 -0.04005402
0.03622487 -0.04878696 -0.04005402
0.03622487 -0.04878696 -0.04005402
0.03622487 -0.04878696 -0.04005402
0.03622487 -0.04878696 -0.04005402
0.03622487 -0.04878696 -0.04005402
0.03622487 -0.04878696 -0.04005402
0.03622487 -0.04878696 -0.04005402
0.09116164 -0.05069704 -0.02857169
0.09116164 -0.05069704 -0.02857169
0.09413767 -0.05884211 -0.02857298
0.09420827 -0.05907254 -0.02815089
0.09420827 -0.05907254 -0.02815089
0.09420827 -0.05907254 -0.02815089
0.09420827 -0.05907254 -0.02815089
0.09420827 -0.05907254 -0.02815089
0.09420827 -0.05907254 -0.02815089
0.09420827 -0.05907254 -0.02815089
0.09420827 -0.05907254 -0.02815089
0.09420827 -0.05907254 -0.02815089
0.09420827 -0.05907254 -0.02815089
0.09420827 -0.05907254 -0.02815089
0.09420827 -0.05907254 -0.02815089
0.0600537 -0.03646243 -0.06762202
0.0600537 -0.03646243 -0.06762202
0.04730605 -0.03828169 -0.07202156
0.04226017 -0.03978233 -0.06990524
0.03866072 -0.04128401 -0.06633154
0.03323884 -0.04438287 -0.05823094
0.03183371 -0.04651362 -0.05341806
0.0304294 -0.04861039 -0.05002571
0.02876133 -0.05100401 -0.05019888
0.02710809 -0.05399614 -0.05024054
0.02668192 -0.05555509 -0.05008613
0.02668192 -0.05555509 -0.05008613
0.02668192 -0.05555509 -0.05008613
0.02668192 -0.05555509 -0.05008613
0.02668192 -0.05555509 -0.05008613
0.02668192 -0.05555509 -0.05008613
0.02668192 -0.05555509 -0.05008613
0.02668192 -0.05555509 -0.05008613
0.02668192 -0.05555509 -0.05008613
0.02668192 -0.05555509 -0.05008613
0.03831811 -0.0399822 -0.04874741
0.03831811 -0.0399822 -0.04874741
0.05009235 -0.03879054 -0.03770499
0.0547754 -0.03903177 -0.03527033
0.06349242 -0.04024648 -0.03318617
0.06975029 -0.04162648 -0.03281788
0.07444349 -0.0431609 -0.03316491
0.07990064 -0.04543974 -0.03354992
0.08378 -0.04769527 -0.03379983
0.08796251 -0.05067654 -0.03554317
0.08912171 -0.05165253 -0.03642793
0.08912171 -0.05165253 -0.03642793
0.08912171 -0.05165253 -0.03642793
0.08912171 -0.05165253 -0.03642793
0.08912171 -0.05165253 -0.03642793
0.08912171 -0.05165253 -0.03642793
0.08912171 -0.05165253 -0.03642793
0.08912171 -0.05165253 -0.03642793
0.08912171 -0.05165253 -0.03642793
0.08912171 -0.05165253 -0.03642793
0.08912171 -0.05165253 -0.03642793
0.08912171 -0.05165253 -0.03642793
0.08912171 -0.05165253 -0.03642793
0.09625171 -0.04808647 -0.05874088
0.09625171 -0.04808647 -0.05874088
0.09625171 -0.04808647 -0.05874088
0.1072702 -0.04435732 -0.05621523
0.1110278 -0.04361255 -0.05546218
0.1155322 -0.04290419 -0.05523026
0.1174413 -0.04273964 -0.05515512
0.126731 -0.04349422 -0.05473445
0.126731 -0.04349422 -0.05473445
0.1354572 -0.04663188 -0.05368416
0.1354572 -0.04663188 -0.05368416
0.1354572 -0.04663188 -0.05368416
0.1354572 -0.04663188 -0.05368416
0.1354572 -0.04663188 -0.05368416
0.1354572 -0.04663188 -0.05368416
0.1354572 -0.04663188 -0.05368416
0.1354572 -0.04663188 -0.05368416
0.1354572 -0.04663188 -0.05368416
0.1354572 -0.04663188 -0.05368416
0.1354572 -0.04663188 -0.05368416
0.1723065 -0.05707165 -0.06294417
0.1723065 -0.05707165 -0.06294417
0.1784063 -0.05807234 -0.07012862
0.1784063 -0.05807234 -0.07012862
0.1784063 -0.05807234 -0.07012862
0.1784063 -0.05807234 -0.07012862
0.1784063 -0.05807234 -0.07012862
0.1784063 -0.05807234 -0.07012862
0.1784063 -0.05807234 -0.07012862
0.1784063 -0.05807234 -0.07012862
0.1784063 -0.05807234 -0.07012862
0.1784063 -0.05807234 -0.07012862
0.1784063 -0.05807234 -0.07012862
0.1784063 -0.05807234 -0.07012862
0.1784063 -0.05807234 -0.07012862
0.1784063 -0.05807234 -0.07012862
0.1784063 -0.05807234 -0.07012862
0.1784063 -0.05807234 -0.07012862
0.1784063 -0.05807234 -0.07012862
0.1784063 -0.05807234 -0.07012862
0.1784063 -0.05807234 -0.07012862
0.1784063 -0.05807234 -0.07012862
0.1784063 -0.05807234 -0.07012862
0.1784063 -0.05807234 -0.07012862
0.1784063 -0.05807234 -0.07012862
0.1784063 -0.05807234 -0.07012862
0.1784063 -0.05807234 -0.07012862
0.1784063 -0.05807234 -0.07012862
0.1784063 -0.05807234 -0.07012862
0.1784063 -0.05807234 -0.07012862
0.1784063 -0.05807234 -0.07012862
0.1784063 -0.05807234 -0.07012862
0.1784063 -0.05807234 -0.07012862
0.1784063 -0.05807234 -0.07012862
0.1784063 -0.05807234 -0.07012862
0.1784063 -0.05807234 -0.07012862
0.1784063 -0.05807234 -0.07012862
0.1784063 -0.05807234 -0.07012862
0.1784063 -0.05807234 -0.07012862
0.1784063 -0.05807234 -0.07012862
0.1784063 -0.05807234 -0.07012862
0.1784063 -0.05807234 -0.07012862
0.1784063 -0.05807234 -0.07012862
0.1784063 -0.05807234 -0.07012862
0.1784063 -0.05807234 -0.07012862
0.1784063 -0.05807234 -0.07012862
0.1784063 -0.05807234 -0.07012862
0.1784063 -0.05807234 -0.07012862
0.1784063 -0.05807234 -0.07012862
0.1784063 -0.05807234 -0.07012862
0.1784063 -0.05807234 -0.07012862
0.1784063 -0.05807234 -0.07012862
0.1784063 -0.05807234 -0.07012862
0.1784063 -0.05807234 -0.07012862
0.1784063 -0.05807234 -0.07012862
0.1784063 -0.05807234 -0.07012862
0.1784063 -0.05807234 -0.07012862
0.1784063 -0.05807234 -0.07012862
0.1784063 -0.05807234 -0.07012862
0.1784063 -0.05807234 -0.07012862
0.1784063 -0.05807234 -0.07012862
0.1784063 -0.05807234 -0.07012862
0.1784063 -0.05807234 -0.07012862
0.1784063 -0.05807234 -0.07012862
0.1784063 -0.05807234 -0.07012862
0.1784063 -0.05807234 -0.07012862
0.1784063 -0.05807234 -0.07012862
0.1784063 -0.05807234 -0.07012862
0.1784063 -0.05807234 -0.07012862
0.1784063 -0.05807234 -0.07012862
0.1784063 -0.05807234 -0.07012862
0.1784063 -0.05807234 -0.07012862
0.1784063 -0.05807234 -0.07012862
0.1784063 -0.05807234 -0.07012862
0.1784063 -0.05807234 -0.07012862
0.1784063 -0.05807234 -0.07012862
0.1784063 -0.05807234 -0.07012862
0.1784063 -0.05807234 -0.07012862
0.1784063 -0.05807234 -0.07012862
0.1784063 -0.05807234 -0.07012862
0.1784063 -0.05807234 -0.07012862
0.1784063 -0.05807234 -0.07012862
0.1784063 -0.05807234 -0.07012862
0.1784063 -0.05807234 -0.07012862
0.1784063 -0.05807234 -0.07012862
0.1784063 -0.05807234 -0.07012862
0.1784063 -0.05807234 -0.07012862
0.1784063 -0.05807234 -0.07012862
0.1784063 -0.05807234 -0.07012862
0.1784063 -0.05807234 -0.07012862
0.1784063 -0.05807234 -0.07012862
0.1784063 -0.05807234 -0.07012862
0.1784063 -0.05807234 -0.07012862
0.1784063 -0.05807234 -0.07012862
0.1784063 -0.05807234 -0.07012862
0.1784063 -0.05807234 -0.07012862
0.1784063 -0.05807234 -0.07012862
0.1784063 -0.05807234 -0.07012862
0.1784063 -0.05807234 -0.07012862
0.1784063 -0.05807234 -0.07012862
0.1784063 -0.05807234 -0.07012862
0.1784063 -0.05807234 -0.07012862
0.1784063 -0.05807234 -0.07012862
0.1784063 -0.05807234 -0.07012862
0.1784063 -0.05807234 -0.07012862
0.1784063 -0.05807234 -0.07012862
0.1784063 -0.05807234 -0.07012862
0.1784063 -0.05807234 -0.07012862
0.1784063 -0.05807234 -0.07012862
0.1784063 -0.05807234 -0.07012862
0.1784063 -0.05807234 -0.07012862
0.1784063 -0.05807234 -0.07012862
0.1784063 -0.05807234 -0.07012862
0.1784063 -0.05807234 -0.07012862
0.1784063 -0.05807234 -0.07012862
0.1784063 -0.05807234 -0.07012862
0.1784063 -0.05807234 -0.07012862
0.1784063 -0.05807234 -0.07012862
0.1784063 -0.05807234 -0.07012862
0.1784063 -0.05807234 -0.07012862
0.1784063 -0.05807234 -0.07012862
0.1784063 -0.05807234 -0.07012862
0.1784063 -0.05807234 -0.07012862
0.1784063 -0.05807234 -0.07012862
0.1784063 -0.05807234 -0.07012862
0.1784063 -0.05807234 -0.07012862
0.1784063 -0.05807234 -0.07012862
0.1784063 -0.05807234 -0.07012862
0.1784063 -0.05807234 -0.07012862
0.1784063 -0.05807234 -0.07012862
0.1784063 -0.05807234 -0.07012862
0.1784063 -0.05807234 -0.07012862
0.1784063 -0.05807234 -0.07012862
0.1784063 -0.05807234 -0.07012862
0.1784063 -0.05807234 -0.07012862
0.1784063 -0.05807234 -0.07012862
0.1784063 -0.05807234 -0.07012862
0.1784063 -0.05807234 -0.07012862
0.1784063 -0.05807234 -0.07012862
0.1784063 -0.05807234 -0.07012862
0.1784063 -0.05807234 -0.07012862
0.1784063 -0.05807234 -0.07012862
0.1784063 -0.05807234 -0.07012862
0.1784063 -0.05807234 -0.07012862
0.1784063 -0.05807234 -0.07012862
0.1784063 -0.05807234 -0.07012862
0.1784063 -0.05807234 -0.07012862
0.1784063 -0.05807234 -0.07012862
0.1784063 -0.05807234 -0.07012862
0.1784063 -0.05807234 -0.07012862
0.1784063 -0.05807234 -0.07012862
0.1784063 -0.05807234 -0.07012862
0.1784063 -0.05807234 -0.07012862
0.1784063 -0.05807234 -0.07012862
0.1784063 -0.05807234 -0.07012862
0.1784063 -0.05807234 -0.07012862
0.1784063 -0.05807234 -0.07012862
0.1784063 -0.05807234 -0.07012862
0.1784063 -0.05807234 -0.07012862
0.1784063 -0.05807234 -0.07012862
0.1784063 -0.05807234 -0.07012862
0.1784063 -0.05807234 -0.07012862
0.1784063 -0.05807234 -0.07012862
0.1784063 -0.05807234 -0.07012862
0.1784063 -0.05807234 -0.07012862
0.1784063 -0.05807234 -0.07012862
0.1784063 -0.05807234 -0.07012862
0.1784063 -0.05807234 -0.07012862
0.1784063 -0.05807234 -0.07012862
0.1784063 -0.05807234 -0.07012862
0.1784063 -0.05807234 -0.07012862
0.1784063 -0.05807234 -0.07012862
0.1784063 -0.05807234 -0.07012862
0.1784063 -0.05807234 -0.07012862
0.1784063 -0.05807234 -0.07012862
0.1784063 -0.05807234 -0.07012862
0.1784063 -0.05807234 -0.07012862
0.1784063 -0.05807234 -0.07012862
0.1784063 -0.05807234 -0.07012862
0.1784063 -0.05807234 -0.07012862
0.1784063 -0.05807234 -0.07012862
0.1784063 -0.05807234 -0.07012862
0.1784063 -0.05807234 -0.07012862
0.1784063 -0.05807234 -0.07012862
0.1784063 -0.05807234 -0.07012862
0.1784063 -0.05807234 -0.07012862
0.1784063 -0.05807234 -0.07012862
0.1784063 -0.05807234 -0.07012862
0.1784063 -0.05807234 -0.07012862
0.1784063 -0.05807234 -0.07012862
0.1784063 -0.05807234 -0.07012862
0.1784063 -0.05807234 -0.07012862
0.1784063 -0.05807234 -0.07012862
0.1784063 -0.05807234 -0.07012862
0.1784063 -0.05807234 -0.07012862
0.1784063 -0.05807234 -0.07012862
0.1784063 -0.05807234 -0.07012862
0.1784063 -0.05807234 -0.07012862
0.1784063 -0.05807234 -0.07012862
0.1784063 -0.05807234 -0.07012862
0.1784063 -0.05807234 -0.07012862
0.1784063 -0.05807234 -0.07012862
0.1784063 -0.05807234 -0.07012862
0.1784063 -0.05807234 -0.07012862
0.1784063 -0.05807234 -0.07012862
0.1784063 -0.05807234 -0.07012862
0.1784063 -0.05807234 -0.07012862
0.1784063 -0.05807234 -0.07012862
0.1784063 -0.05807234 -0.07012862
0.1784063 -0.05807234 -0.07012862
0.1784063 -0.05807234 -0.07012862
0.1784063 -0.05807234 -0.07012862
0.1784063 -0.05807234 -0.07012862
0.1784063 -0.05807234 -0.07012862
0.1784063 -0.05807234 -0.07012862
0.1784063 -0.05807234 -0.07012862
0.1784063 -0.05807234 -0.07012862
0.1784063 -0.05807234 -0.07012862
0.1784063 -0.05807234 -0.07012862
0.1784063 -0.05807234 -0.07012862
